    2   18   54
   1.000  12.011
    1    1  0.0150  0.0000  0.0000
 -0.127373462761  -0.106433119504  -0.090117009620
 -0.004281006689  -0.010421228552  -0.007473048115
 -0.005252908968  -0.010863574834  -0.011384379162
 -0.000100319830  -0.001630077624   0.000174346778
 -0.000028010189  -0.000052632360  -0.000026757783
  0.000100839983  -0.000019203781   0.000013441132
  0.000014205493  -0.000068809069  -0.000044507868
  0.000088346667  -0.000006462901  -0.000032143517
  0.000675580055   0.000064940125  -0.000097821294
  0.000026051563  -0.000046704557   0.000352387641
  0.111787900693   0.093752406256   0.083253096534
  0.018987074461   0.033625569545   0.026617575351
 -0.002749061016   0.003067978473  -0.000252233462
  0.000339957193   0.000132471340  -0.000540728184
 -0.000173597786  -0.000179350477   0.000128030404
  0.000135331578  -0.000125952983   0.000098641705
  0.000243967303   0.002099395958  -0.000845829328
  0.007559112251  -0.002895645056   0.000176938787
    1    2  0.0000  0.0150  0.0000
 -0.106630082739  -0.265156640457  -0.173700137859
 -0.004057254695  -0.005964393467  -0.005642725166
  0.014749818869   0.025801799191   0.024244366657
  0.000431357822  -0.000411210276   0.000695070273
  0.000063010028  -0.000050500958   0.000022010948
  0.000053441801  -0.000011211632  -0.000050023754
 -0.000044944033   0.000007146675  -0.000019705700
  0.000001912113  -0.000049865033  -0.000030766708
  0.000101729502  -0.000011356503  -0.000043257443
 -0.000272538875  -0.000623802411  -0.000075676781
  0.095606637126   0.246861221443   0.157425109394
  0.001370182945   0.001472946185  -0.002099940227
 -0.002672749241  -0.000656289587  -0.000619563434
  0.000743479877   0.000011051246  -0.000838055884
 -0.000247978120  -0.000339922428  -0.000228443968
  0.000072556302  -0.000149310377   0.000172004005
 -0.000160668004   0.000153748186   0.000020551506
  0.000892089322  -0.000883409798   0.000769184141
    1    3  0.0000  0.0000  0.0150
 -0.090126764279  -0.173465350400  -0.207867804752
  0.015233246316   0.030377127847   0.025243763382
 -0.006442838693  -0.010281445200  -0.007789758988
  0.000511302045  -0.000554594459   0.000010320171
  0.000058848936  -0.000017055656   0.000069253982
  0.000058563225   0.000006177295   0.000008243261
  0.000001063975   0.000001288742  -0.000024208357
  0.000013516488  -0.000006705082  -0.000021400828
 -0.000034652651  -0.000045364244   0.000110911873
 -0.000048781377   0.000081445175   0.000095705883
  0.086054673360   0.157930165774   0.193192714612
 -0.003590330107  -0.003602744003  -0.001213763787
 -0.000932409496   0.000407528000  -0.000783963118
  0.000581549845  -0.000024564750  -0.000073233568
 -0.000005061180  -0.000701547121  -0.000224011310
 -0.000012617135  -0.000065294894   0.000101196384
 -0.001128164451   0.000134240704  -0.000101784496
 -0.000191144820  -0.000173307727  -0.000732180345
    2    1  0.0150  0.0000  0.0000
 -0.004615548293  -0.004543129302   0.014703761407
 -0.107930701543  -0.023176916234   0.117015754536
 -0.004491226980  -0.001307784116   0.014959093919
 -0.000030187501  -0.000201544689  -0.000973087502
  0.000121669235  -0.000049637479   0.000014999217
  0.000152318771  -0.000007260489  -0.000023361690
  0.000078558591   0.000059250653  -0.000030238579
  0.000078401645  -0.000064534496  -0.000055960543
  0.000124623978   0.000022758424   0.000025140233
 -0.000039537495   0.000555146732  -0.000826645643
  0.091681265060   0.021518013740  -0.108135134998
  0.022249868825   0.008093884727  -0.040941312577
  0.000531958198   0.001985221930   0.000758570178
  0.000773829646  -0.000169321154   0.002011863752
 -0.000173712634   0.000087099792  -0.000475134618
  0.000204703030  -0.000025177784   0.000084183602
  0.000760395272  -0.000628545419   0.001928188634
  0.000523322194  -0.002147524837  -0.000040679329
    2    2  0.0000  0.0150  0.0000
 -0.010335554714  -0.005698592658   0.030427635546
 -0.022872231112  -0.073496575048   0.067502619906
  0.012753797685   0.006848007909  -0.037768860950
 -0.000101462185   0.000043019879   0.000359984921
 -0.000022516112  -0.000009984733   0.000065544307
 -0.000010345371   0.000022853450  -0.000012469572
  0.000000613550  -0.000009101674  -0.000029549792
  0.000002964274  -0.000000874692  -0.000002365543
  0.000022080627   0.000025149986  -0.000083195235
  0.000148118771   0.000197207664  -0.000486464437
  0.020136354777   0.071083582149  -0.061310655626
  0.000088980083   0.000534158468   0.001116290247
 -0.002752542918   0.000507947527  -0.000411622543
  0.001673262299   0.000855537108  -0.000426017363
 -0.000064848245  -0.001679962253  -0.000352071975
  0.000053109311  -0.000048817773  -0.000053877701
 -0.001335680721   0.000711605080   0.000746009439
  0.002615900001   0.000114839611   0.000719066371
    2    3  0.0000  0.0000  0.0150
 -0.007284557541  -0.005340769997   0.025807826864
  0.116695934023   0.068390535914  -0.404545056789
 -0.002664137306  -0.002244971608   0.012184249723
 -0.000134424157  -0.000125787041   0.000421448737
 -0.000034615495   0.000028178220  -0.000069224684
  0.000038794973   0.000032965116  -0.000049964239
 -0.000025134749   0.000035934376  -0.000038091517
 -0.000023348393   0.000009606967  -0.000036772143
 -0.000030797197   0.000032314824  -0.000098610978
 -0.000076002663   0.000067547066   0.000280766164
 -0.102793955803  -0.062160410287   0.370930428773
 -0.003715158495   0.000782521186  -0.003297743134
 -0.000066565548  -0.000990964306  -0.000894010522
 -0.000371786380   0.000102008782  -0.000315304849
  0.000536519576  -0.000314080283  -0.000101880183
 -0.000148366118  -0.000006283626   0.000055510442
 -0.000970015602   0.000325517051  -0.000029629116
  0.001067616874   0.001376137647  -0.000203942547
    3    1  0.0150  0.0000  0.0000
 -0.005453795590   0.014307162048  -0.006800384623
 -0.004372059310   0.012399930241  -0.002300385465
 -0.124893940822   0.131035298362  -0.041218570462
 -0.000002017499  -0.000123498967   0.000379486716
  0.000618672900  -0.000069126000  -0.000069029656
  0.000064677800  -0.000023219724   0.000084220525
  0.000046225753  -0.000006620557   0.000012829635
 -0.000019844818   0.000038265987   0.000028752606
 -0.000052373633   0.000030474797   0.000030250961
 -0.000110405733   0.001359792580   0.000806270719
  0.109907845337  -0.115683299705   0.039137839600
  0.019261569780  -0.041416465140   0.011613139676
  0.007448715274   0.002655419597   0.001345210622
  0.000105571381  -0.001600475076  -0.001512629443
 -0.000283985399   0.000048438667   0.000225053885
  0.000130343731   0.000032356465   0.000162679893
  0.000298086545   0.000024983453  -0.000509734719
 -0.002693285698  -0.003009417027  -0.001415000470
    3    2  0.0000  0.0150  0.0000
 -0.010953520059   0.025434478040  -0.010348301858
 -0.002124414811   0.007226500476  -0.001339751999
  0.130661900292  -0.383037779161   0.102120694476
  0.000267768010  -0.000480122240  -0.000201553665
 -0.000097934342   0.000014579996  -0.000022609809
 -0.000059239597   0.000008381037   0.000025239570
 -0.000001310647  -0.000027901260   0.000000707203
  0.000054624983   0.000022842660   0.000010963823
 -0.000089728584  -0.000003715139  -0.000077513007
 -0.000563676011  -0.000310760740  -0.000853397166
 -0.119171461447   0.353870383006  -0.091907209781
  0.000138372756  -0.000505127271   0.002089147519
 -0.000747863059  -0.000549043226  -0.000730974377
  0.000502490807   0.000187045737   0.000094891574
  0.000232599293  -0.000651035135   0.000024897056
 -0.000014247982  -0.000049914840  -0.000259368536
 -0.000984922432  -0.000265742629   0.000749779653
  0.002950562830  -0.000883069311   0.000624359322
    3    3  0.0000  0.0000  0.0150
 -0.011401499685   0.024289911146  -0.007788687848
  0.015222024630  -0.038016134976   0.011885592762
 -0.041077140432   0.101969245433  -0.092886453564
  0.000065855463  -0.000319069745  -0.000024277631
 -0.000069057651  -0.000001130251   0.000117463765
  0.000044819864  -0.000008932360   0.000015810181
  0.000020215004   0.000001848735  -0.000020343546
  0.000029686292   0.000015613833  -0.000022982907
  0.000032363246  -0.000008068702   0.000043116504
  0.000332310945   0.000414336145  -0.000122229574
  0.041564754314  -0.092481385617   0.089062137395
 -0.003779077397   0.003836703975   0.001194377447
 -0.000489526334   0.000245772501  -0.000971362322
 -0.001004708001   0.000002497138  -0.000124200940
  0.000099509259   0.000524853621   0.000076061537
 -0.000021344380   0.000000839719   0.000019210649
  0.000217076552  -0.000063944498   0.000241032306
  0.000213738313  -0.000402956096  -0.000694264214
    4    1  0.0150  0.0000  0.0000
 -0.000194464708   0.000350193735   0.000472982201
 -0.000125955006  -0.000102668206  -0.000080993137
 -0.000023601302   0.000261631712   0.000052627605
 -0.179808138780  -0.173065021653  -0.033114330406
 -0.001458694254  -0.000486812344   0.000035407216
  0.000173774109   0.000008242297   0.000053068910
  0.000665297666   0.000089489981   0.000048155997
 -0.000058136541  -0.000074264304  -0.000051130486
 -0.000020146528   0.000164011614   0.000055428985
 -0.000749452798  -0.001106281476  -0.000277652180
 -0.002040894748  -0.001293179594  -0.000656127345
 -0.012615106137  -0.018373424110  -0.003522495194
  0.170259118072   0.160107989510   0.031141652414
  0.016159850625   0.039571091635   0.007584787460
  0.007477370313  -0.002285951041  -0.000659003967
  0.000272938833   0.001933720962   0.000229278126
  0.001014595755  -0.001077091193  -0.000206833957
  0.001071645427  -0.004621677526  -0.001104822243
    4    2  0.0000  0.0150  0.0000
 -0.001686936238  -0.000408865694  -0.000556354597
 -0.000274238669   0.000078165971  -0.000106014980
 -0.000146294377  -0.000512200476  -0.000325236464
 -0.173372807389  -0.375264418086  -0.067367368254
  0.000439151381  -0.000938828251  -0.001416205662
  0.000056219541  -0.000014498060  -0.000000291190
  0.000012358254  -0.000018255903  -0.000010234036
  0.000002239463  -0.000047887099  -0.000017390515
  0.000155894937   0.000096535975  -0.000296262043
  0.001102477049   0.001580199941   0.000303388892
  0.002435645119  -0.001059847324  -0.000443787100
  0.021868843061   0.026922677979   0.006342799241
  0.160100824317   0.352383538422   0.059705634805
 -0.002745216960  -0.003362700060   0.000119879784
 -0.000568890554  -0.003420678919   0.001459381056
 -0.000244872950   0.000065226437   0.000078667918
 -0.001357453805  -0.000202100730  -0.000309568336
 -0.005776942180   0.004123935878   0.002838961482
    4    3  0.0000  0.0000  0.0150
  0.000157856039   0.000714030945   0.000012855625
 -0.001016712748   0.000372034740   0.000456503852
  0.000342220078  -0.000200710921  -0.000018748124
 -0.033102653904  -0.067324206426  -0.047243428799
  0.000233050687  -0.001397002383   0.005507473411
 -0.000009386936   0.000067038934  -0.000002080802
  0.000076814267  -0.000041276183   0.000123252446
  0.000010089308   0.000045361026   0.000082825228
  0.000062295598  -0.000266617349   0.001431334210
  0.000157479115   0.000436072747  -0.000183103865
 -0.000164560736  -0.002285069486   0.004263940384
  0.005576453921   0.006866940223  -0.003726159888
  0.030932732162   0.059947892302   0.060926382327
 -0.001051042473  -0.000430027750  -0.004123947499
 -0.000694726067   0.001426414456  -0.010133094685
  0.000157725907  -0.000050236704  -0.000323266744
 -0.000182806032  -0.000345934902   0.001514890435
 -0.001484828184   0.002465296730  -0.008565627514
    5    1  0.0150  0.0000  0.0000
 -0.000039334619   0.000065279583   0.000069396534
  0.000191657601  -0.000002348670  -0.000051952736
  0.000667696719  -0.000076289047  -0.000066601161
 -0.001435415570   0.000485036907   0.000130521755
 -0.176206897201   0.169565621278   0.038042159810
 -0.000069187296   0.000131261339   0.000117848690
 -0.000051482798  -0.000268855536  -0.000053252218
 -0.000222464315  -0.000348819682  -0.000469438627
 -0.000754590520   0.001067522218   0.000315906271
 -0.000019447163  -0.000179841395   0.000024074797
  0.000348626688  -0.001927598449  -0.000279802272
  0.007526019464   0.002324387804   0.000004795835
  0.015877701268  -0.039524377905  -0.008436760108
  0.166729757829  -0.156881829068  -0.035154539018
 -0.012684397387   0.018709157560   0.003917502809
 -0.002107868764   0.001213768667   0.000956223711
  0.001158974839   0.004639551435   0.000697768715
  0.001090651224   0.001008372962   0.000236147213
    5    2  0.0000  0.0150  0.0000
  0.000052990292  -0.000074671311  -0.000037314336
 -0.000016835123  -0.000027344825   0.000011962294
  0.000014966018  -0.000007912837  -0.000040279519
 -0.000508179877  -0.001114701735  -0.001429555390
  0.169594884439  -0.376191616817  -0.074126562209
  0.000294266772   0.000111015370  -0.000136226672
  0.000135482718  -0.000494670746  -0.000337766813
  0.001685766075  -0.000313117147  -0.000563537143
 -0.001030394851   0.001576776779   0.000322309158
 -0.000190128144   0.000240925569  -0.000261955430
  0.000370977330   0.000020999327   0.000075965516
  0.000473757788  -0.003427832184   0.001421897089
  0.002586888649  -0.003283732360   0.000011936652
 -0.156962804032   0.352815584083   0.065928672839
 -0.021568652280   0.027061653810   0.007222171082
 -0.002573487736  -0.000903885479  -0.000316882199
  0.006211076568   0.004169012370   0.002591981855
  0.001429425393  -0.000156481866  -0.000336816775
    5    3  0.0000  0.0000  0.0150
 -0.000009685805   0.000034207837   0.000077250715
 -0.000002920187   0.000061706168   0.000002776677
 -0.000105130820  -0.000040877976   0.000127248744
  0.000033390268  -0.001423130206   0.005506322561
  0.038050326147  -0.074033260528  -0.050114371982
  0.001037059781   0.000361320305   0.000407161142
 -0.000343903983  -0.000195369077  -0.000005904478
 -0.000148845344   0.000721361659   0.000037107115
 -0.000134848903   0.000386986240  -0.000191588932
 -0.000011891232  -0.000258909702   0.001434359495
 -0.000188974668   0.000024892046  -0.000310017765
  0.000002853352   0.001309048418  -0.010156063538
  0.000236671782   0.001137012408  -0.003835106280
 -0.034926111475   0.066283893212   0.063618492193
 -0.005197835817   0.006094010709  -0.003672547218
  0.000399826676  -0.002347119669   0.004224184339
  0.001101187071   0.002282079422  -0.008650178916
  0.000208833157  -0.000397851265   0.001500876128
    6    1  0.0150  0.0000  0.0000
  0.000037630567   0.000025272108   0.000065472509
  0.000114138062  -0.000027090352   0.000052534132
  0.000042134671  -0.000077522940   0.000046364818
  0.000206555837   0.000090201529  -0.000008658489
 -0.000084782922   0.000285805532   0.000872293420
 -0.117018790427   0.025869408386  -0.127871447822
 -0.004623470022   0.002102680310  -0.014675194248
 -0.004476881679   0.003678225660  -0.013978288276
 -0.000092096862  -0.000638432707   0.000874497494
  0.000191224712  -0.000122122826   0.000004234132
 -0.000002925018   0.000023482381  -0.000063979556
 -0.000073549696  -0.000101732959   0.000515667119
  0.001094722407   0.000060223891  -0.002068288441
  0.000077721257  -0.001804729091  -0.000845753369
  0.022902311404  -0.008143705678   0.039968511569
  0.100570887442  -0.024024769885   0.119047230889
  0.000111404720   0.002048969777   0.000009523315
  0.001023765546   0.000755836864  -0.001944719196
    6    2  0.0000  0.0150  0.0000
 -0.000008824298  -0.000007142374   0.000007082916
  0.000010468939   0.000020151186  -0.000011292493
 -0.000004998600  -0.000014385413  -0.000019679199
  0.000039701720   0.000022327295   0.000086348911
  0.000123591885   0.000007058805   0.000354250018
  0.025619471663  -0.073651516915   0.067364761871
 -0.014109524874   0.006856585945  -0.037149433164
  0.011568703072  -0.005728096582   0.030044219324
 -0.000177567809   0.000180664284  -0.000482203812
 -0.000016611660  -0.000002568456  -0.000074184768
 -0.000047399659  -0.000060320067  -0.000045350937
  0.000065501264  -0.001701554963  -0.000364811237
 -0.001682916221   0.000842410204  -0.000325937030
  0.002740650449   0.000444972309  -0.000465204329
 -0.000335404216   0.000693502342   0.000871916704
 -0.022631200649   0.071259271665  -0.061352340236
 -0.002570583269   0.000128363991   0.000843636911
  0.001416942263   0.000710276746   0.000718220549
    6    3  0.0000  0.0000  0.0150
  0.000057328645  -0.000008275744   0.000019025331
 -0.000013600892   0.000019926470   0.000012760741
  0.000056285584   0.000031742517   0.000015339062
  0.000089747668   0.000040007516   0.000000857630
  0.000151965117  -0.000108125085   0.000437444038
 -0.128126852208   0.067777649938  -0.395585770889
  0.003662652234  -0.001456365181   0.012350009347
  0.008799590050  -0.006199404193   0.025410222167
  0.000089010962   0.000022065328   0.000289762607
  0.000078191346   0.000000518815  -0.000040808375
  0.000166827732  -0.000021054033   0.000113801574
 -0.000396825037  -0.000328632540  -0.000043643097
  0.000476428086   0.000100713232  -0.000190797235
 -0.000140932782  -0.000662416570  -0.000775940980
  0.001584209331   0.001127362583  -0.005025457465
  0.113591245943  -0.061648128133   0.363144860225
 -0.001217540980   0.001042160672  -0.000181130153
  0.001092269201   0.000270254408   0.000049465475
    7    1  0.0150  0.0000  0.0000
 -0.000047685682  -0.000063000991   0.000004267318
  0.000028072316   0.000000206647  -0.000024261207
  0.000026740530  -0.000006017416   0.000017254978
  0.000647663111   0.000037689056   0.000088743423
 -0.000043599613   0.000109822902  -0.000353846893
 -0.004604999323  -0.014063011346   0.003787079319
 -0.121797962493  -0.126628371292   0.042352839498
 -0.004560267242  -0.013914460537   0.006155802764
 -0.000220696040  -0.001449564104  -0.000793068458
 -0.000073940678  -0.000037241694   0.000007011531
  0.000047170135  -0.000075543804  -0.000139397032
 -0.000270978212  -0.000098557795  -0.000209378719
  0.000373744635   0.001630256842   0.001576561514
  0.007510952977  -0.002458313582  -0.001555173691
  0.018651625747   0.041617990321  -0.012307581100
  0.106785197089   0.112864207998  -0.040638229318
 -0.002776464489   0.002603318581   0.001486717186
  0.000325427231  -0.000069409785   0.000544658885
    7    2  0.0000  0.0150  0.0000
 -0.000040015026  -0.000020812501   0.000030036852
  0.000078652725  -0.000036217269   0.000036410892
  0.000011554805  -0.000067329064   0.000016656674
  0.000089205204  -0.000030999642  -0.000009219299
 -0.000274868911  -0.000535830884  -0.000168327231
  0.001976045313   0.007364797710  -0.001801109218
 -0.127127406333  -0.381634659795   0.106931218719
  0.010521788873   0.025742388861  -0.010595513586
  0.000570518439  -0.000313044773  -0.000847786992
  0.000079675693  -0.000048584316  -0.000064223287
  0.000074237763  -0.000083969768  -0.000244077516
 -0.000202969346  -0.000667335333   0.000064056472
 -0.000558509417   0.000200676504   0.000144286689
  0.000762766086  -0.000635528313  -0.000758261113
 -0.000013957211  -0.000615163247   0.002117048197
  0.115915028877   0.352518438663  -0.096318513255
 -0.002830779523  -0.000800660576   0.000752001077
  0.000969031989  -0.000336166256   0.000715315925
    7    3  0.0000  0.0000  0.0150
 -0.000034188570   0.000024031964  -0.000024187537
 -0.000050511864  -0.000002393514   0.000016708449
 -0.000027660372   0.000009139046  -0.000021981032
  0.000044911815   0.000005496396   0.000109395947
 -0.000069572986  -0.000313050344  -0.000010957543
 -0.014710033758  -0.037454161621   0.012357563558
  0.042474533756   0.106620795055  -0.096227604919
  0.011358822687   0.024794657029  -0.008501154007
 -0.000328984366   0.000476509431  -0.000079012060
 -0.000031356087  -0.000001611484   0.000041270814
  0.000013351281   0.000010021103   0.000021803029
 -0.000083017725   0.000537423780   0.000088617914
  0.000991273086  -0.000052655548  -0.000225469744
  0.000149695486   0.000371812165  -0.000927534511
  0.003083880982   0.002210255597   0.001522099384
 -0.042426038488  -0.096652619912   0.092389586476
 -0.000138664066  -0.000522644186  -0.000751884992
 -0.000216440809  -0.000061004957   0.000222740773
    8    1  0.0150  0.0000  0.0000
  0.000054414316   0.000010746052   0.000027041371
  0.000054195187   0.000019444708  -0.000017734820
 -0.000019478016   0.000063526170   0.000037256914
 -0.000054795702   0.000033036057   0.000026497610
 -0.000180563020   0.001639699475  -0.000160317517
 -0.004489722260   0.011622772894   0.008776605532
 -0.004587627397   0.010658212387   0.011336109360
 -0.119569295954   0.098986180492   0.086021103466
 -0.000029106313   0.000027489984  -0.000367232022
  0.000667251757  -0.000062301694   0.000074970801
  0.000078513925   0.000129847816  -0.000091686463
 -0.000245241402   0.000170619467  -0.000154055273
  0.000311386151  -0.000144713933   0.000524009921
 -0.002753332013  -0.003000000088   0.000357021700
  0.018218204647  -0.033849932864  -0.027427669813
  0.104655895600  -0.087000980363  -0.079284807696
  0.007533921862   0.002809930649  -0.000502387624
  0.000355378633  -0.002113577208   0.000825274554
    8    2  0.0000  0.0150  0.0000
 -0.000019542850  -0.000045289098  -0.000004405489
 -0.000063478649  -0.000009166422  -0.000051255858
  0.000032994011  -0.000023648954  -0.000003476890
 -0.000066504329  -0.000037343158   0.000039725349
 -0.000377414401  -0.000436990745   0.000706384011
  0.003731829428  -0.005942899069  -0.006222891048
 -0.013771883132   0.025648986463   0.024807453627
  0.099029698835  -0.265756544947  -0.177963173653
  0.000275925833  -0.000631388837  -0.000069260443
 -0.000127262545  -0.000050627585  -0.000035975582
 -0.000093300716  -0.000164147203   0.000180386972
  0.000224148585  -0.000375520839  -0.000209117508
 -0.000797926922  -0.000047958423  -0.000815141947
  0.002700597996  -0.000897830774  -0.000783479968
 -0.001092674033   0.001677829431  -0.001934431290
 -0.088706308808   0.247568441018   0.161525593974
 -0.000949755159  -0.000706244485   0.000802614910
  0.000070856855   0.000230343627   0.000030450832
    8    3  0.0000  0.0000  0.0150
 -0.000017534373  -0.000027520540  -0.000040922143
 -0.000068504277  -0.000029985328  -0.000033426879
 -0.000005754254  -0.000057769302  -0.000052288094
 -0.000064148045  -0.000077958688   0.000035295010
 -0.000500786280  -0.000665621156   0.000002626757
 -0.014269178964   0.030177032331   0.024887668431
  0.006017763707  -0.011274757852  -0.008252067923
  0.085835910381  -0.177560454320  -0.214672215137
  0.000077594241   0.000074614424   0.000086250180
 -0.000004503441  -0.000054265027   0.000078201963
  0.000002964086  -0.000102132290   0.000084498801
 -0.000102970640  -0.000728352941  -0.000237347681
 -0.000705821308  -0.000112291515  -0.000114431728
  0.001116760681   0.000253099997  -0.000913423952
  0.003899239860  -0.002245969241  -0.000254145580
 -0.082177131733   0.162180915608   0.200262785683
 -0.000052037984  -0.000015645197  -0.000671088734
  0.001018138345   0.000267061034  -0.000195968972
    9    1  0.0150  0.0000  0.0000
  0.000688855260   0.000051313128  -0.000050598091
  0.000207918060  -0.000014546609  -0.000063325731
 -0.000025757107  -0.000121073113  -0.000002547063
 -0.000016416610   0.000126897177   0.000058928369
 -0.000756244397  -0.001063312046  -0.000151222890
 -0.000035175421  -0.000164428468   0.000181684755
 -0.000175334882   0.000534979232  -0.000285384315
 -0.000073398212   0.000128580940  -0.000128955410
 -0.179651664333  -0.172908507387  -0.030573772683
 -0.001450205445  -0.000503305238   0.000031082881
  0.000369167834   0.001864669397   0.000493877871
  0.007443040842  -0.002248652776  -0.000947559884
  0.000958911475  -0.000996067890  -0.000217654894
  0.001199034772  -0.004458143892  -0.001171313468
 -0.012451523643  -0.018439247751  -0.003512636134
 -0.002132583411  -0.001353371677   0.000540421890
  0.170067778447   0.159980922667   0.028323883424
  0.015833596772   0.039583294308   0.007475091373
    9    2  0.0000  0.0150  0.0000
  0.000058033758  -0.000051687430  -0.000051908778
  0.000068208085  -0.000028359195  -0.000034807991
  0.000019886183  -0.000086116615  -0.000035450061
  0.000174343547   0.000103708319  -0.000258994894
  0.001028593574   0.001647443556   0.000391362391
 -0.000693629391   0.000183302207  -0.000006205172
 -0.001520325199  -0.000339440911   0.000467271094
 -0.000042915068  -0.000633169476   0.000083059537
 -0.173185123769  -0.376238939634  -0.062938194399
  0.000499383052  -0.001130866864  -0.001354121112
 -0.000071902308   0.000012934397   0.000078699520
 -0.000500380260  -0.003412387459   0.001372762411
 -0.001294030121  -0.000100437098  -0.000311046225
 -0.005869127469   0.004294594143   0.002707728870
  0.022222117887   0.027040624781   0.005625168472
  0.001913565533  -0.001225563670  -0.001918087838
  0.160045746765   0.353381719370   0.055956957431
 -0.002852444799  -0.003417358421   0.000225806744
    9    3  0.0000  0.0000  0.0150
 -0.000092752872  -0.000037151973   0.000127623818
  0.000009863107  -0.000083875075  -0.000041950887
 -0.000015369366  -0.000122943166   0.000053689145
  0.000041742060  -0.000323361686   0.001432685494
  0.000264776315   0.000385653333  -0.000184688847
  0.000817058279  -0.000464579849   0.000259011676
 -0.000830621685  -0.000860774164  -0.000073069693
 -0.000404236615  -0.000061491196   0.000122103437
 -0.030508473031  -0.062866434566  -0.045705677533
  0.000249466444  -0.001376895406   0.005527448097
 -0.000217415275   0.000111589330  -0.000267634365
 -0.000199270495   0.001511902482  -0.010115976288
 -0.000294952079  -0.000293738959   0.001526543445
 -0.001267815123   0.003083920823  -0.008481279930
  0.003581554870   0.006729767515  -0.003880335670
  0.001245017076   0.000070592502   0.004416845863
  0.028425353149   0.055434936942   0.059458651387
 -0.000803924758  -0.000837116887  -0.004173989148
   10    1  0.0150  0.0000  0.0000
 -0.000017016460  -0.000250664117  -0.000021643601
 -0.000108928812   0.000145991915  -0.000039834188
 -0.000176552529  -0.000535052041   0.000322396044
 -0.000748495781   0.001148552232   0.000189464492
 -0.000017062312  -0.000176836902  -0.000003281299
  0.000164026356  -0.000017142190   0.000038068230
 -0.000053707746   0.000095525264  -0.000013350852
  0.000665419364  -0.000094596477   0.000025315416
 -0.001454394660   0.000443184566   0.000218165787
 -0.176015158682   0.169911165658   0.035475887816
 -0.002090539357   0.001464168759  -0.000114770524
 -0.012680794376   0.018708520875   0.003900265168
  0.001136880708   0.004684066880   0.000775973754
  0.001040411344   0.001056920946   0.000228370482
  0.007544573782   0.002273926364   0.000245966985
  0.000280731389  -0.001861438602  -0.000563069220
  0.015850491916  -0.039635494591  -0.008285792530
  0.166680115857  -0.157360798538  -0.032378131961
   10    2  0.0000  0.0150  0.0000
 -0.000013123059  -0.000607832416   0.000077491061
  0.000656526121   0.000240604967   0.000040144884
  0.001506979076  -0.000193602592   0.000394122988
 -0.001008103435   0.001567009892   0.000410905985
 -0.000206057991   0.000246639268  -0.000232079790
 -0.000019230426  -0.000001050066  -0.000030794209
  0.000044481857  -0.000053888960  -0.000035744427
 -0.000021750942  -0.000018087203  -0.000032948214
 -0.000514318446  -0.001168171937  -0.001325520341
  0.170052011477  -0.377840144871  -0.069681754635
 -0.002324755919  -0.001078489203  -0.001791966082
 -0.021975484419   0.027281617175   0.006513153643
  0.006279770073   0.004085566873   0.002425554472
  0.001414468223  -0.000169179361  -0.000374049325
  0.000554591360  -0.003459331992   0.001334695985
  0.000293732543  -0.000015499785   0.000022788006
  0.002612957484  -0.003215078528   0.000162676022
 -0.157332693576   0.354398918738   0.062123323978
   10    3  0.0000  0.0000  0.0150
  0.000414059799  -0.000059374514   0.000108746555
 -0.000800772354  -0.000475074541   0.000295786678
  0.000836298146  -0.000847792706  -0.000119275300
 -0.000235545738   0.000336362247  -0.000179942217
  0.000021602660  -0.000323325182   0.001436994950
 -0.000013280674  -0.000089333163  -0.000042008234
  0.000024884933  -0.000133799629   0.000054949927
  0.000075914081  -0.000039890197   0.000125083443
  0.000027323767  -0.001405415759   0.005529506874
  0.035391524931  -0.069570195286  -0.048242380534
 -0.000994129444   0.000013501201   0.004473246549
 -0.003194941198   0.005968702645  -0.003902940980
  0.000887269615   0.002909681754  -0.008558280022
  0.000330803574  -0.000328417196   0.001509810968
 -0.000492992959   0.001398044600  -0.010139400426
  0.000202967478   0.000181750886  -0.000255043881
 -0.000037349066   0.000736625580  -0.003883746965
 -0.032443637550   0.061727949259   0.061788892615
   11    1  0.0150  0.0000  0.0000
  0.111482153172   0.095369530299   0.085976512403
  0.091483789731   0.020224468018  -0.102261023482
  0.109011179818  -0.118927425846   0.041608014118
 -0.002284700216   0.002355806846  -0.000149786530
 -0.000074528714   0.000239842953  -0.000136607910
 -0.000234830494  -0.000075872579   0.000133765201
 -0.000209202201  -0.000039009072   0.000042368172
 -0.000210851691  -0.000076561113   0.000034794837
 -0.000053095945  -0.000257210059  -0.000249056608
 -0.002291592340  -0.002209373170  -0.001080474326
 -0.664080447761   0.003378153020  -0.015961626250
  0.297429635069   0.000494894778  -0.007428861690
  0.033126356510  -0.006834399718  -0.002189016568
 -0.004031016466  -0.002213831608   0.000223950988
  0.001751194172  -0.000119280225   0.000282823228
 -0.000511308761   0.000014824359  -0.000338675153
 -0.003996962007   0.001973909892   0.001038230875
  0.033694228124   0.006701533224   0.000454668698
   11    2  0.0000  0.0150  0.0000
  0.093776558323   0.246615714672   0.158047503833
  0.021399433463   0.070491177549  -0.061707697422
 -0.116457543031   0.353825650936  -0.092707167086
 -0.001332999973  -0.001095356263  -0.002284993937
 -0.001958975957   0.000117572805   0.000073007240
 -0.000010526267   0.000014620409   0.000016433697
 -0.000098728755   0.000000480840   0.000044065751
  0.000094548046  -0.000088446030  -0.000014298548
  0.001861480922   0.000091961266   0.000179622153
  0.001458003785  -0.001263917149   0.000044518493
  0.002962410157  -0.790900166819  -0.013267248945
 -0.000949350216   0.117005159766   0.005061833464
 -0.040177244211  -0.003898168949   0.002988698154
 -0.002560498286   0.005347486388   0.004643241360
  0.000157957535   0.001158638206  -0.000109004661
 -0.000091462154  -0.000141525650  -0.000113176931
  0.002117874579   0.005779541174   0.001277918966
  0.039809062041  -0.003060423149  -0.002173255580
   11    3  0.0000  0.0000  0.0150
  0.083331298633   0.157140126642   0.193005128712
 -0.108260552265  -0.061861146971   0.370001322975
  0.039747632610  -0.091636382137   0.088909348076
 -0.000648253526  -0.000443971652   0.004159360822
 -0.000235769101   0.000123714700  -0.000451010686
 -0.000050611018   0.000008574494  -0.000019076977
 -0.000111505291  -0.000231061980  -0.000108036027
 -0.000070235194   0.000244903446  -0.000019688674
  0.000531807861   0.000103146516  -0.000432434917
 -0.000090409224  -0.001836436007   0.004367626938
 -0.015662478592  -0.013040466562  -0.726711534010
 -0.000319118841   0.004991822009   0.093041379776
 -0.008098291257   0.001041306146  -0.004705986049
  0.000773411285   0.002368772816  -0.008358535990
 -0.000901717990  -0.000113622637   0.001734464662
  0.000419725377  -0.000125376883   0.000463987909
  0.001725277254   0.003525331944  -0.008828362867
  0.007919789278  -0.000259233885  -0.006047953672
   12    1  0.0150  0.0000  0.0000
  0.019360313087   0.001259236014  -0.003608472228
  0.021588675877   0.000603756056  -0.003159578619
  0.018973935609   0.000174362074  -0.003786355390
 -0.012479922771   0.021973272890   0.005582824796
  0.007575588805   0.000755080647   0.000038531658
  0.000023219508   0.000179364596  -0.000497797270
 -0.000130005808  -0.000152720834  -0.000063906898
 -0.000125701031   0.000335635780   0.000026508113
  0.007543844097  -0.000647251190  -0.000239966470
 -0.012506001300  -0.021844643482  -0.003192867083
  0.297782793309  -0.000874556937  -0.000417806661
 -0.893371617701  -0.005914411281   0.016477814399
  0.233005990992  -0.158464198903  -0.034465344205
  0.039811373229  -0.039529911757  -0.009449647387
 -0.006716327036   0.000675474047  -0.000182520703
  0.002167641897  -0.000099011358   0.000918927830
  0.041364408201   0.039455900536   0.006339561291
  0.236131791034   0.162114623102   0.029680094827
   12    2  0.0000  0.0150  0.0000
  0.033822675275   0.001468541679  -0.003638936667
  0.008249329685   0.000357330042   0.000778042197
 -0.041419371312  -0.000447452005   0.003763684330
 -0.018226708250   0.026852976344   0.006774776203
  0.002415728840  -0.003308086572   0.001314939267
  0.000065064876  -0.001594195305  -0.000363977093
  0.000063873925  -0.000630527364   0.000486730766
  0.000338084437  -0.000326345276  -0.000742953017
 -0.002019386401  -0.003322328254   0.001448502677
  0.018915498839   0.027072256558   0.005960398619
  0.000580634184   0.117082861782   0.004928007625
 -0.007124324921  -0.895269769875  -0.131771176838
 -0.075767020735   0.361052474421   0.057167854100
 -0.096595345006  -0.039675208680  -0.003648826213
  0.000444438508   0.086681936871   0.015537823069
  0.000217805417   0.001123693581  -0.000193812351
  0.096419526628  -0.039555352341  -0.008537925361
  0.079619496009   0.362437194393   0.050736848686
   12    3  0.0000  0.0000  0.0150
  0.026560302342  -0.002136482641  -0.001506323998
 -0.041074651978   0.000968078966  -0.003623545190
  0.011610375622   0.002027660614   0.000885535568
 -0.003525155294   0.006429220984  -0.003978958994
 -0.000080926801   0.001427201399  -0.010460259830
  0.000436940246  -0.000341962765  -0.000350755720
 -0.000256779378   0.000026974756  -0.000227826400
 -0.000197876916  -0.000223884150  -0.000522519799
 -0.000969067504   0.001382547345  -0.010429792465
  0.003827433484   0.006580918898  -0.004149983245
 -0.007421131253   0.004918542844   0.092892524446
  0.016937830304  -0.132536925531  -0.255761367724
 -0.017836207066   0.056887549296   0.104197199647
 -0.020465422639  -0.004535920300  -0.010049573077
  0.000948710643   0.015734770966   0.011730860311
 -0.000280024971  -0.000160680208   0.001498109301
  0.018591158840  -0.007568301604  -0.011669779780
  0.013194492319   0.051120691133   0.101526456950
   13    1  0.0150  0.0000  0.0000
 -0.003019073539  -0.002878041280  -0.000899855238
  0.000005174830  -0.002897894594   0.000110971137
  0.007383265701  -0.000890813825  -0.000447877643
  0.170045205237   0.159649536677   0.030965049630
  0.015581622884   0.002724236485   0.000350724357
  0.000717635330  -0.001758761083   0.000463549423
  0.000185470610  -0.000570097985   0.001025077574
  0.000122030473  -0.000922424788  -0.000547078171
  0.000836212367  -0.001410727869  -0.000279970506
  0.001018331247   0.005774817259   0.000915249126
  0.033261822318  -0.040267302630  -0.008051934490
  0.232792975238  -0.075873800142  -0.017781620234
 -0.956722072651  -0.040352916381   0.005575074120
  0.475637730836  -0.039929711112  -0.015216450121
  0.040992758156   0.096246967469   0.018229750634
 -0.003930688133   0.002659892710  -0.000883017294
  0.060397659759  -0.033701733891  -0.008592696399
 -0.075306060662  -0.025601225021  -0.004934945905
   13    2  0.0000  0.0150  0.0000
  0.002993360436  -0.000761309849   0.000306634912
  0.001843488975   0.000723667164  -0.000861507938
  0.002477153138  -0.000654076188   0.000196583563
  0.160297680311   0.352240604601   0.059980167117
 -0.039562710981  -0.003268659138   0.001072637663
  0.000036642364   0.000954599297   0.000002611808
  0.001606761235   0.000190424450  -0.000125997951
 -0.000170560904   0.000087980437  -0.000047165836
 -0.001076460902  -0.000192631099  -0.000360416470
  0.004662125998   0.004017411529   0.002763133755
 -0.006788146322  -0.003967466379   0.000957551536
 -0.158869307169   0.361025267929   0.056815716994
 -0.041780065176  -0.939989877103  -0.153521234794
  0.039746505638   0.165031910496   0.015322694391
  0.039212118740  -0.040130195259  -0.006133071429
  0.002272539198   0.005332668933   0.002178142354
 -0.033981427972   0.020483852579   0.003570472663
  0.027080303393   0.078875827600   0.017883047664
   13    3  0.0000  0.0000  0.0150
 -0.000245049055  -0.000699433849  -0.000683287712
  0.000818913693  -0.000478178604  -0.000747907045
  0.001303846761  -0.000791825462  -0.000864517337
  0.031142575290   0.059481595122   0.061047180224
 -0.008323587394   0.000006598972  -0.003708687407
 -0.002034066322  -0.000393766531  -0.000119597691
  0.001643159213   0.000105949268  -0.000127840475
  0.000583831927  -0.000789841799   0.000050642562
 -0.000141119816  -0.000358119656   0.001611096107
  0.000827260802   0.002406180851  -0.008482293337
 -0.002150577079   0.002881421668  -0.004424176377
 -0.034461902698   0.057079686050   0.104601908552
  0.005321727517  -0.153708048901  -0.216483556344
 -0.000084883301   0.016927763168   0.087044053000
  0.007434353460  -0.007494418866  -0.010759572779
 -0.000299743686   0.004497871363  -0.008069223502
 -0.006957927738   0.002980149131   0.008166985714
  0.005623188426   0.018346418076  -0.008051206152
   14    1  0.0150  0.0000  0.0000
  0.000838057334   0.000711056680   0.000453275013
  0.001477500078   0.001579655643  -0.000532087657
  0.000789772859   0.000463124760  -0.001101042873
  0.016744536219  -0.002864083436  -0.001231522889
  0.167209183947  -0.156652172248  -0.035024715443
  0.000748293987   0.002705154317  -0.000182615160
  0.008082163609   0.000702095874   0.000071560469
 -0.002205457271   0.002718083518   0.000940247130
  0.001616725718  -0.005816359627  -0.001355026025
  0.001620286055   0.001228634247   0.000246495437
 -0.003351354977  -0.002649389034   0.000703902877
  0.040350689912  -0.096924597258  -0.020299724182
  0.476493321153   0.039507856983  -0.000345134614
 -0.968675046915   0.036092585840   0.024251843514
  0.236233114806   0.078712064659   0.012777385437
  0.034665562193   0.040060562853   0.006502967085
 -0.074641573391   0.026726118359   0.007635455372
  0.062004224682   0.033699607869   0.006488736509
   14    2  0.0000  0.0150  0.0000
  0.000067916803   0.000158456969  -0.000058525201
 -0.000143100270   0.001028554377   0.000068128029
 -0.001710021482   0.000321990903  -0.000045387957
  0.039473632671  -0.003234996061  -0.000475445490
 -0.157164022216   0.352897947477   0.066354829248
 -0.001914629815   0.000808132274  -0.000701094997
 -0.002553296393  -0.000476300840   0.000292935241
 -0.003029877565  -0.000676592191   0.000433524011
 -0.004646192510   0.004134236614   0.002951223074
  0.001006189655  -0.000127661897  -0.000383813751
 -0.002249429166   0.005449964117   0.002296731054
 -0.039676587962  -0.039765398780  -0.004578000209
 -0.039701497125   0.165191902542   0.016920406750
  0.035694472609  -0.942359721291  -0.155358707508
  0.161814116539   0.361226472768   0.050462397100
  0.006687424467  -0.003980904186   0.000645220215
 -0.026080671341   0.078975052344   0.018929010669
  0.034125573101   0.020428864863   0.002246569723
   14    3  0.0000  0.0000  0.0150
 -0.000556617839  -0.000789672757  -0.000256048803
  0.002030851557  -0.000426365629  -0.000484792298
 -0.001615353934   0.000121036803  -0.000327504044
  0.007569595383   0.000131229526  -0.004296722322
 -0.035080794195   0.065763857780   0.063432955444
 -0.000814927655  -0.000548692453  -0.001012732065
 -0.001587815401  -0.000768634921  -0.001126830749
  0.000360097429  -0.000760323012  -0.001036678788
 -0.001157363821   0.002693608253  -0.008706803538
  0.000203150734  -0.000374580050   0.001288884029
  0.000196683802   0.004639074672  -0.008411075768
 -0.009455533187  -0.003601265988  -0.009970003521
 -0.015238916670   0.015380627654   0.086721920864
  0.022955836290  -0.155865914448  -0.211929807380
  0.029468672323   0.053953644732   0.102319020931
  0.000722384624   0.001380404500  -0.005090886698
 -0.002879639776   0.017389647069  -0.008444898015
  0.004879690335   0.001682318268   0.007332002722
   15    1  0.0150  0.0000  0.0000
 -0.000093381875  -0.000325538581   0.000338710973
  0.000053085062  -0.000186656129   0.000848047770
 -0.000091262015   0.000156342899   0.000438262640
  0.007569384475  -0.000717520255  -0.000368553658
 -0.012511514727  -0.021615684443  -0.004849081416
  0.023229667083  -0.000615316552   0.002424686728
  0.018791516486  -0.000148753819   0.003462402993
  0.018365483133  -0.001389394050   0.003193691457
 -0.012484852427   0.022215156978   0.003923574753
  0.007600331984   0.000681944766  -0.000097678995
  0.002174159132   0.000103895822  -0.000562475883
 -0.006719204300   0.000222443684   0.001341132640
  0.041309076310   0.039071944958   0.007744234781
  0.235800073562   0.161427983947   0.029819361487
 -0.894080558600   0.000002366924   0.001935096603
  0.297664578344   0.000396870173  -0.007109460281
  0.233513851096  -0.159380733291  -0.034418385868
  0.039909567278  -0.039899353031  -0.008063566724
   15    2  0.0000  0.0150  0.0000
 -0.000286680287  -0.000232245664  -0.000405414032
 -0.000002339053  -0.001507172519  -0.000053696645
  0.000031428178  -0.000550479037   0.000808257286
 -0.002333640633  -0.003239361705   0.001743204557
  0.018665097108   0.026967530758   0.006337254679
 -0.008237320373   0.000504405739   0.001347648733
  0.041515014400  -0.000534669325   0.002469531739
 -0.033969819527   0.001728658781  -0.001962392394
 -0.018469946245   0.027150107450   0.007063221283
  0.002098629672  -0.003212973862   0.001674818977
 -0.000133644146   0.001212793039   0.000136557657
  0.000475139690   0.086767550740   0.015855360492
  0.096195777346  -0.039974648882  -0.007183770268
  0.078884566324   0.361182922338   0.054318792321
  0.000285210983  -0.897224541889  -0.137400778128
 -0.000986190147   0.117143438564   0.005267271722
 -0.076869809108   0.362880603678   0.054333196184
 -0.096861474182  -0.039061918206  -0.004349064163
   15    3  0.0000  0.0000  0.0150
  0.000505590142   0.000180053661  -0.000192491195
 -0.000133304943   0.000058020922  -0.000010366999
  0.000574848581   0.000411391200   0.000095447988
 -0.000295515811   0.001854376330  -0.010089403886
  0.004206102022   0.007689659738  -0.003588589788
  0.040350223590   0.001252322384  -0.004989040705
 -0.011989850587   0.002469192449   0.001555085333
 -0.027033423300  -0.001598871291  -0.000250956689
 -0.003162268851   0.006117259639  -0.003788507205
  0.000595782402   0.001732199666  -0.010117779977
  0.000563596979   0.000227990754   0.001878460663
  0.000166818764   0.016133593285   0.012069760623
  0.018745859776  -0.005710824840  -0.010810906862
  0.013171520657   0.050933187949   0.102566825874
  0.002223033871  -0.139470697737  -0.261197269497
 -0.000166071580   0.005248649830   0.093285109275
 -0.017997250852   0.058060684468   0.103847965493
 -0.020325690859  -0.005588188408  -0.010263342446
   16    1  0.0150  0.0000  0.0000
 -0.000071172728   0.000019388147  -0.000043809919
 -0.000100410158  -0.000009962498  -0.000204969237
 -0.000069458254  -0.000098584157  -0.000071866126
  0.000090966281  -0.000313060855   0.000097487000
 -0.002105764998  -0.002463698629   0.000353681319
  0.100225214697  -0.022957124602   0.113324888273
  0.106667454179   0.115605092492  -0.042536805293
  0.104557546242  -0.088873374491  -0.082094471715
 -0.002083548716   0.002054831067   0.001276052575
  0.000060404260   0.000159745349   0.000195417494
 -0.000416684852  -0.000119534555   0.000328415182
  0.001850384290   0.000028303867  -0.000323595536
 -0.003929850954   0.002199350910  -0.000398465773
  0.033822817804   0.006777432201   0.000685289482
  0.297388624103  -0.000943908423  -0.000539867394
 -0.665150794064  -0.002179494049   0.013266402784
  0.033313460907  -0.007001409175  -0.002081482048
 -0.004049188037  -0.001883992599  -0.001232301069
   16    2  0.0000  0.0150  0.0000
 -0.000106162823  -0.000059936523   0.000072060292
 -0.000001244765   0.000042904152   0.000098637666
  0.000088861913   0.000025302199   0.000122226173
  0.001946492540   0.000145459071   0.000075295029
  0.001238609870  -0.001043001654  -0.002249064260
 -0.024007831925   0.070473242888  -0.061314635619
  0.113131871285   0.352218051825  -0.096801918619
 -0.087082970885   0.247207174925   0.162066193624
 -0.001456373839  -0.001245198083   0.000174918894
 -0.001863294393   0.000115453803   0.000335422252
  0.000093702677  -0.000114380158  -0.000033168557
 -0.000174079936   0.001182915518  -0.000018974955
  0.002742107117   0.005390921199   0.004624825633
  0.040188123728  -0.003974845316   0.001524640880
  0.000538029825   0.116999064146   0.005092923947
 -0.003264391060  -0.790246562264  -0.014670248679
 -0.039943737964  -0.002909577881  -0.000544514115
 -0.002067711364   0.005793012154   0.001445380414
   16    3  0.0000  0.0000  0.0150
  0.000113421278   0.000279519364   0.000037137119
  0.000099429508   0.000046172709   0.000046884386
  0.000157350108  -0.000187284030  -0.000051646904
  0.000266248038   0.000196836892  -0.000389822668
  0.000948179588  -0.000288531266   0.004176079858
  0.119364046105  -0.061692621804   0.362887503362
 -0.040579263828  -0.095934938381   0.092221815944
 -0.079364292538   0.161199729417   0.199770688989
  0.000371439629  -0.001855257968   0.004367259129
 -0.000524269854   0.000153803939  -0.000350841677
 -0.000324328816  -0.000098249964   0.000552440363
  0.000937140728  -0.000123156146   0.001774809595
 -0.000851337253   0.002330528678  -0.008263577977
  0.006658580402   0.000765141720  -0.005069246695
 -0.007413921025   0.004850701326   0.092994353354
  0.011553208582  -0.013459193606  -0.730466616465
 -0.009547355165   0.000158148521  -0.005590396965
 -0.001864275487   0.003658650600  -0.008646822748
   17    1  0.0150  0.0000  0.0000
  0.000276143287  -0.000026764108  -0.001202931921
  0.000942537433  -0.001308991067  -0.001162654856
  0.000294361959  -0.000922973537   0.000132777950
  0.001005878869  -0.001325820875  -0.000272937908
  0.001206113757   0.005858855637   0.000966278470
  0.000121642648  -0.002483776167  -0.001267171484
 -0.002786548496  -0.002886951578  -0.000202704684
  0.007548207257  -0.000793270696  -0.000241991959
  0.169937729632   0.159720472378   0.028331877482
  0.015755449490   0.002919147452  -0.000051306913
 -0.003680796154   0.002201434679   0.001624808380
  0.041242674646   0.096341731662   0.018342171966
  0.060549438898  -0.033874569185  -0.007085691234
 -0.075022288924  -0.025921345935  -0.002953465951
  0.233453158785  -0.076538096055  -0.018356017505
  0.033455141122  -0.039931435202  -0.009603839595
 -0.960440946448  -0.041376012998   0.009160859376
  0.476142102239  -0.039651634406  -0.016158059614
   17    2  0.0000  0.0150  0.0000
  0.002132601438   0.000017686862   0.000187980295
 -0.000713472549   0.000507647370   0.000334381238
  0.000087888778  -0.000402403542  -0.000025763415
 -0.001064827586  -0.000363068657  -0.000331463039
  0.004695292697   0.003948683151   0.002317251147
  0.002049364166  -0.000105432222   0.001052343386
  0.002618354516  -0.001080159851  -0.000443916948
  0.002821539152  -0.000960496934  -0.000234391339
  0.160287443109   0.353095736952   0.055511046090
 -0.039591375472  -0.003363051221   0.000771892951
  0.002050639048   0.005618410027   0.003534606870
  0.039306733627  -0.039685340234  -0.007573441272
 -0.033656545673   0.020296301185   0.003029753711
  0.026728903853   0.078698184223   0.017395041353
 -0.159514023702   0.362526921028   0.057659451635
 -0.006822589478  -0.003160714484   0.000037637240
 -0.040798483536  -0.940327939037  -0.148907046123
  0.039382557612   0.164739035385   0.015684636221
   17    3  0.0000  0.0000  0.0150
 -0.000818018868   0.000257668560  -0.000202694650
  0.001954977654   0.001021548082  -0.000069841823
 -0.000527266889   0.000967195579   0.000150773521
 -0.000179713785  -0.000101079802   0.001400167171
  0.000736198014   0.002828655435  -0.008754086603
  0.000026774998   0.001127197010  -0.000225913024
  0.001514340722   0.000894970258  -0.000804509441
 -0.000461773645   0.001033348786  -0.000831289426
  0.028308796619   0.055970196798   0.059405906867
 -0.008242257081   0.000392838126  -0.003956717120
  0.001045425459   0.001445037951  -0.008775908084
  0.006341272598  -0.008285212752  -0.011488062659
 -0.008620333848   0.003824739328   0.007958901058
  0.007707686475   0.019180284894  -0.008342326874
 -0.034765966807   0.054152932381   0.103725707323
 -0.001971780097  -0.000511800958  -0.005553994377
  0.007165159258  -0.151622306946  -0.210569058634
  0.000786479224   0.017423787270   0.086932946774
   18    1  0.0150  0.0000  0.0000
  0.007726216886   0.000846001819  -0.000082082542
  0.000399940443   0.002575398147   0.001255402420
 -0.002631533512   0.003010450900   0.000296446004
  0.001246210371  -0.005673967319  -0.001338472410
  0.001230675177   0.001325368756   0.000312390421
  0.001062682182   0.001388400799   0.001107645448
  0.000457188471   0.000964671599  -0.000113822275
  0.000495309604   0.000106815460   0.001224654361
  0.016392016867  -0.002809091473  -0.000743244373
  0.166792947100  -0.156957745033  -0.032324995280
  0.034378540953   0.039866600479   0.008003419753
  0.236235416102   0.079284425297   0.013313004144
 -0.075080163700   0.027281042596   0.005722982192
  0.061543841848   0.034200652518   0.005095845394
  0.040042561438  -0.096869698759  -0.020354306680
 -0.003793486049  -0.002107247855  -0.001744449729
  0.476502652361   0.039319554604   0.000713201230
 -0.963001016543   0.034248367466   0.019656381921
   18    2  0.0000  0.0150  0.0000
 -0.002818568165  -0.000933378023  -0.000175125127
 -0.001951070615  -0.000085432418   0.001108109097
 -0.002599800176  -0.001027706819  -0.000409367527
 -0.004584033075   0.003975264422   0.002440566427
  0.001095353469  -0.000364983828  -0.000416957214
  0.000765212090   0.000507579087   0.000252698946
 -0.000047034521  -0.000381868814  -0.000073119361
 -0.002099557214   0.000046994351   0.000219079353
  0.039593496746  -0.003386451319  -0.000844546996
 -0.157571454074   0.354264392765   0.061779811911
  0.006792123573  -0.003257941787  -0.000314910064
  0.162393674518   0.362321119966   0.051116638083
 -0.025604519343   0.078717119348   0.018342110855
  0.033860008506   0.020192137910   0.001634438669
 -0.039815665115  -0.039482585465  -0.006091407251
 -0.001808564429   0.005627196477   0.003576852047
 -0.039393233059   0.164843556875   0.017229312577
  0.033793630885  -0.941575012729  -0.149374184424
   18    3  0.0000  0.0000  0.0150
  0.000265406073   0.000787010551  -0.000750569060
  0.000088923034   0.000817733327  -0.000186836799
 -0.001309690039   0.000575777598  -0.000663920420
 -0.001000247894   0.002848813307  -0.008579245083
  0.000317328601  -0.000371823140   0.001473717268
 -0.001863968906   0.000756405630   0.000052752768
  0.000646458267   0.000708952708   0.000226054431
  0.000918816781   0.000036741622  -0.000188749364
  0.007569054504   0.000267168179  -0.004155390292
 -0.032241800127   0.061999435602   0.061832305039
  0.000567429248  -0.002276590891  -0.005871420889
  0.029764434810   0.050676902054   0.101827039755
 -0.004894035883   0.017917267412  -0.008167195859
  0.006626523968   0.002242816922   0.007517198048
 -0.008288449542  -0.004639445874  -0.010340047718
 -0.001095968882   0.001317780266  -0.008565044853
 -0.015956601499   0.015658235666   0.087028981284
  0.019886387487  -0.149323180942  -0.212489628256
